00000537
00050513
10000637
00050583
00058c63
00b62023
00150513
ff1ff06f
69646461
00000032
02e00593
00b62023
00b62023
00000093
00008193
00000e93
00200e13
01d18463
fb9ff06f
00000000
00000000
00000000
00000000
00000000
00000000
00000000
00010003
00000000
00000000
00000000
00030003
00000000
00000000
00000000
00040003
00000001
00000020
00000000
00010000
0000000c
0000000c
00000000
00010000
00000019
00000028
00000000
00010000
00000026
00000034
00000000
00010000
0000002d
00000000
00000000
00010010
00000033
00000000
00000000
00000010
0000003d
00000000
00000000
00000010
65742e00
6e5f7473
00656d61
6e72702e
5f656d61
7478656e
72702e00
656d616e
6e6f645f
65740065
325f7473
64646100
61003269
32696464
7465725f
69616600
0000006c
00000000
0000041a
00000000
00000000
00000033
00000000
00000004
0000041b
00000000
00000004
00000033
00000000
00000010
00000610
00000000
0000001c
00000511
00000000
00000048
00000a11
00000000
79732e00
6261746d
74732e00
62617472
68732e00
74727473
2e006261
616c6572
7865742e
642e0074
00617461
7373622e
00000000
00000000
00000000
00000000
00000000
00000000
00000000
00000000
00000000
00000000
00000000
00000020
00000001
00000006
00000000
00000034
0000004c
00000000
00000000
00000004
00000000
0000001b
00000004
00000040
00000000
00000174
00000054
00000005
00000001
00000004
0000000c
00000026
00000001
00000003
00000000
00000080
00000000
00000000
00000000
00000004
00000000
0000002c
00000008
00000003
00000000
00000080
00000000
00000000
00000000
00000001
00000000
00000001
00000002
00000000
00000000
00000080
000000b0
00000006
00000008
00000004
00000010
00000009
00000003
00000000
00000000
00000130
00000042
00000000
00000000
00000001
00000000
00000011
00000003
00000000
00000000
000001c8
00000031
00000000
00000000
00000001
00000000
0
0
0
0
0
0
0
0
0
0
0
0
0
0
0
0
0
0
0
0
0
0
0
0
0
0
0
0
0
0
0
0
0
0
0
0
0
0
0
0
0
0
0
0
0
0
0
0
0
0
0
0
0
0
0
0
0
0
0
0
0
0
0
0
0
0
0
0
0
0
0
0
0
0
0
0
0
0
0
0
0
0
0
0
0
0
0
0
0
0
0
0
0
0
0
0
0
0
0
0
0
0
0
0
0
0
0
0
0
0
0
0
0
0
0
0
0
0
0
0
0
0
0
0
0
0
0
0
0
0
0
0
0
0
0
0
0
0
0
0
0
0
0
0
0
0
0
0
0
0
0
0
0
0
0
0
0
0
0
0
0
0
0
0
0
0
0
0
0
0
0
0
0
0
0
0
0
0
0
0
0
0
0
0
0
0
0
0
0
0
0
0
0
0
0
0
0
0
0
0
0
0
0
0
0
0
0
0
0
0
0
0
0
0
0
0
0
0
0
0
0
0
0
0
0
0
0
0
0
0
0
0
0
0
0
0
0
0
0
0
0
0
0
0
0
0
0
0
0
0
0
0
0
0
0
0
0
0
0
0
0
0
0
0
0
0
0
0
0
0
0
0
0
0
0
0
0
0
0
0
0
0
0
0
0
0
0
0
0
0
0
0
0
0
0
0
0
0
0
0
0
0
0
0
0
0
0
0
0
0
0
0
0
0
0
0
0
0
0
0
0
0
0
0
0
0
0
0
0
0
0
0
0
0
0
0
0
0
0
0
0
0
0
0
0
0
0
0
0
0
0
0
0
0
0
0
0
0
0
0
0
0
0
0
0
0
0
0
0
0
0
0
0
0
0
0
0
0
0
0
0
0
0
0
0
0
0
0
0
0
0
0
0
0
0
0
0
0
0
0
0
0
0
0
0
0
0
0
0
0
0
0
0
0
0
0
0
0
0
0
0
0
0
0
0
0
0
0
0
0
0
0
0
0
0
0
0
0
0
0
0
0
0
0
0
0
0
0
0
0
0
0
0
0
0
0
0
0
0
0
0
0
0
0
0
0
0
0
0
0
0
0
0
0
0
0
0
0
0
0
0
0
0
0
0
0
0
0
0
0
0
0
0
0
0
0
0
0
0
0
0
0
0
0
0
0
0
0
0
0
0
0
0
0
0
0
0
0
0
0
0
0
0
0
0
0
0
0
0
0
0
0
0
0
0
0
0
0
0
0
0
0
0
0
0
0
0
0
0
0
0
0
0
0
0
0
0
0
0
0
0
0
0
0
0
0
0
0
0
0
0
0
0
0
0
0
0
0
0
0
0
0
0
0
0
0
0
0
0
0
0
0
0
0
0
0
0
0
0
0
0
0
0
0
0
0
0
0
0
0
0
0
0
0
0
0
0
0
0
0
0
0
0
0
0
0
0
0
0
0
0
0
0
0
0
0
0
0
0
0
0
0
0
0
0
0
0
0
0
0
0
0
0
0
0
0
0
0
0
0
0
0
0
0
0
0
0
0
0
0
0
0
0
0
0
0
0
0
0
0
0
0
0
0
0
0
0
0
0
0
0
0
0
0
0
0
0
0
0
0
0
0
0
0
0
0
0
0
0
0
0
0
0
0
0
0
0
0
0
0
0
0
0
0
0
0
0
0
0
0
0
0
0
0
0
0
0
0
0
0
0
0
0
0
0
0
0
0
0
0
0
0
0
0
0
0
0
0
0
0
0
0
0
0
0
0
0
0
0
0
0
0
0
0
0
0
0
0
0
0
0
0
0
0
0
0
0
0
0
0
0
0
0
0
0
0
0
0
0
0
0
0
0
0
0
0
0
0
0
0
0
0
0
0
0
0
0
